           6   2223460.00       3592.00000       964.000000       4.00000000       1817968.00       0.00000000       0.00000000       15966884.0    
          12   5658172.00       9224.00000       3368.00000       4.00000000       1817968.00       0.00000000       0.00000000       12524136.0    
          18   9461524.00       32904.0000       12024.0000       4.00000000       1817968.00       0.00000000       0.00000000       8688448.00    
          24   12515056.0       320896.000       37448.0000       8.00000000       1817968.00       0.00000000       0.00000000       5321496.00    
          30   14551636.0       528060.000       239676.000       8.00000000       1817968.00       0.00000000       0.00000000       2875524.00    
          36   15662136.0       553516.000       610908.000       12.0000000       1817968.00       0.00000000       20.0000000       1368312.00    
          42   16162320.0       418048.000       1039416.00       480.000000       1817968.00       0.00000000       2052.00000       572588.000    
          48   16065496.0       540772.000       1366092.00       1372.00000       1806428.00       11540.0000       9748.00000       211424.000    
          54   15680408.0       679492.000       1750136.00       3216.00000       1582440.00       235528.000       13768.0000       67884.0000    
          60   14846896.0       1037644.00       2284460.00       4288.00000       1295828.00       522140.000       4.00000000       21612.0000    
          66   14540868.0       696008.000       2877708.00       8308.00000       1052780.00       765188.000       65136.0000       6876.00000    
          72   14273036.0       421856.000       3238312.00       38608.0000       902280.000       915688.000       220880.000       2212.00000    
          78   13872580.0       473232.000       3546576.00       94164.0000       846264.000       971704.000       207576.000       776.000000    
          84   13553376.0       422976.000       3842540.00       156500.000       768376.000       1049592.00       219244.000       268.000000    
          90   13382796.0       220012.000       4025340.00       253644.000       695652.000       1122316.00       313036.000       76.0000000    
          96   13324052.0       79484.0000       4183232.00       374632.000       694156.000       1123812.00       233472.000       32.0000000    
         102   13271524.0       51384.0000       4342052.00       461480.000       691728.000       1126240.00       68452.0000       12.0000000    
         108   13257792.0       14332.0000       4435716.00       483984.000       689964.000       1128004.00       3076.00000       4.00000000    
         114   13248444.0       7712.00000       4454240.00       484504.000       689964.000       1128004.00       0.00000000       4.00000000    
         120   13247288.0       1284.00000       4461824.00       484504.000       689964.000       1128004.00       0.00000000       4.00000000    
         126   13247120.0       216.000000       4463064.00       484504.000       689964.000       1128004.00       0.00000000       0.00000000    
         132   13247044.0       76.0000000       4463276.00       484508.000       689964.000       1128004.00       0.00000000       0.00000000    
         138   13246652.0       176.000000       4463504.00       484572.000       689964.000       1128004.00       0.00000000       0.00000000    
         144   13246588.0       20.0000000       4463676.00       484620.000       689964.000       1128004.00       0.00000000       0.00000000    
         150   13246528.0       24.0000000       4463720.00       484632.000       689964.000       1128004.00       0.00000000       0.00000000    
         156   13246524.0       0.00000000       4463736.00       484644.000       689964.000       1128004.00       0.00000000       0.00000000    
         162   13246520.0       0.00000000       4463740.00       484644.000       689964.000       1128004.00       0.00000000       0.00000000    
         168   13246520.0       0.00000000       4463740.00       484644.000       689964.000       1128004.00       0.00000000       0.00000000    
         174   13246520.0       0.00000000       4463740.00       484644.000       689964.000       1128004.00       0.00000000       0.00000000    
         180   13246520.0       0.00000000       4463740.00       484644.000       689964.000       1128004.00       0.00000000       0.00000000    
         186   13246520.0       0.00000000       4463740.00       484644.000       689964.000       1128004.00       0.00000000       0.00000000    
         192   13246520.0       0.00000000       4463740.00       484644.000       689964.000       1128004.00       0.00000000       0.00000000    
