           1           6           4
           2           6           4
           3           6           0
           4           6           4
           5          18          16
           6          36          20
           7          24          14
           8          46          16
           9          24          40
          10          18          52
          11          36          44
          12          24          32
          13          54         178
          14          84         292
          15         112         244
          16         128         312
          17         160         372
          18         128         450
          19         884         438
          20        1432         496
          21        1808         556
          22        2040         630
          23        2084         668
          24        2178         616
          25       11862         792
          26       20288        1084
          27       29086         848
          28       31760         792
          29       28016         882
          30       26020         974
          31       29802        3440
          32       34466        4790
          33       37868        4932
          34       40228        5524
          35       42494        5690
          36       44398        5928
          37       47230        8010
          38       53954       10952
          39       60068       11890
          40       64462       12036
          41       65892       11680
          42       67210       11822
          43       70696       12182
          44       74992       12600
          45       74352       10646
          46       71176        8082
          47       68218        7126
          48       63204        6590
          49       60984        6038
          50       64984        6054
          51       70548        4934
          52       74562        2856
          53       79402        2172
          54       83492        1784
          55       89424        8240
          56       95844       14804
          57      100970       18640
          58      104130       25682
          59      106786       35386
          60      109714       49252
          61      112768       67876
          62      116058       84644
          63      116260      100744
          64      112116      113346
          65      102994      123884
          66       95242      130852
          67       87842      136464
          68       80566      139226
          69       73112      141578
          70       64234      143266
          71       54560      144518
          72       46318      145530
          73       37246      146484
          74       31008      147406
          75       26412      147760
          76       19876      147388
          77       13248      147438
          78        9506      146022
          79        8620      146136
          80        6494      147076
          81        4120      147808
          82        3140      149400
          83        2738      151042
          84        2764      150828
          85        2944      150136
          86        2770      149586
          87        2188      148964
          88        1854      148552
          89        1560      148464
          90        1464      148382
          91        1448      149076
          92        1030      149602
          93         852      149828
          94         634      149920
          95         538      150142
          96         534      150330
          97         562      150330
          98         554      150648
          99         614      151040
         100         670      152252
         101         646      152152
         102         630      147988
         103         568      142832
         104         552      135420
         105         552      126808
         106         474      113366
         107         494       99460
         108         330       80034
         109         210       57030
         110         102       42232
         111          74       32282
         112          18       19414
         113          22        7524
         114          14        2158
         115          14        1930
         116          26        1736
         117          10        1682
         118          18        1558
         119          18        1070
         120          10         798
         121          14         456
         122          10         334
         123          10         246
         124          10         266
         125          10         190
         126          10         134
         127          10         126
         128          10          70
         129          10          62
         130          10          30
         131          10          14
         132          10          14
         133          10          18
         134          10          10
         135          10          10
         136          10          10
         137          10          10
         138          10          10
         139          10          10
         140          10          10
         141          10          10
         142          10          10
         143          10          10
         144          10          10
         145          10          10
         146          10          10
         147          10          10
         148          10          10
         149          10          10
         150          10          10
         151          10          10
         152          10          10
         153          10          10
         154          10          10
         155          10          10
         156          10          10
         157          10          10
         158          10          10
         159          10          10
         160          10          10
         161          10          10
         162          10          10
         163          10          10
         164          10          10
         165          10          10
         166          10          10
         167          10          10
         168          10          10
         169          10          10
         170          10          10
         171          10          10
         172          10          10
         173          10          10
         174          10          10
         175          10          10
         176          10          10
         177          10          10
         178          10          10
         179          10          10
         180          10          10
         181          10          10
         182          10          10
         183          10          10
         184          10          10
         185          10          10
         186          10          10
         187          10          10
         188          10          10
         189          10          10
         190          10          10
         191          10          10
         192          10          10
