          60           2    20012872      538536         956          52           0     1817968           0           0    17655360
         120           2    20012872      888788        1592         136           0     1817968           0           0    17304388
         180           2    20012872     1232388        2336         248           0     1817968           0           0    16959932
         240           2    20012872     1570040        2880         412           4     1817968           0           0    16621568
         300           2    20012872     1899524        3460         632           4     1817968           0           0    16291284
         360           2    20012872     2223460        3592         964           4     1817968           0           0    15966884
         420           2    20012872     2856660        3532        1316           4     1817968           0           0    15333392
         480           2    20012872     3463868        3500        1672           4     1817968           0           0    14725860
         540           2    20012872     4049336        3392        2056           4     1817968           0           0    14140116
         600           2    20012872     4610252        3368        2496           4     1817968           0           0    13578784
         660           2    20012872     5146368        3216        2984           4     1817968           0           0    13042332
         720           2    20012872     5658172        9224        3368           4     1817968           0           0    12524136
         780           2    20012872     6394120       12652        4404           4     1817968           0           0    11783724
         840           2    20012872     7089036       14060        5736           4     1817968           0           0    11086068
         900           2    20012872     7740420       15004        7088           4     1817968           0           0    10432388
         960           2    20012872     8355588       15468        8684           4     1817968           0           0     9815160
        1020           2    20012872     8934112       15964       10304           4     1817968           0           0     9234520
        1080           2    20012872     9461524       32904       12024           4     1817968           0           0     8688448
        1140           2    20012872    10133172       40580       15000           4     1817968           0           0     8006148
        1200           2    20012872    10754964       42988       18780           8     1817968           0           0     7378164
        1260           2    20012872    11329532       43572       23008           8     1817968           0           0     6798784
        1320           2    20012872    11857976       42940       27724           8     1817968           0           0     6266256
        1380           2    20012872    12346656       41580       32576           8     1817968           0           0     5774084
        1440           2    20012872    12515056      320896       37448           8     1817968           0           0     5321496
        1500           2    20012872    12950400      376856       64164           8     1817968           0           0     4803476
        1560           2    20012872    13376812      384880       96144           8     1817968           0           0     4337060
        1620           2    20012872    13770372      379444      129748           8     1817968           0           0     3915332
        1680           2    20012872    14132792      365508      165716           8     1817968           0           4     3530876
        1740           2    20012872    14459036      346788      202360           8     1817968           0           4     3186708
        1800           2    20012872    14551636      528060      239676           8     1817968           0           0     2875524
        1860           2    20012872    14794220      564968      294628           8     1817968           0           0     2541080
        1920           2    20012872    15044448      549996      355396           8     1817968           0           4     2245052
        1980           2    20012872    15275920      518248      417660          12     1817968           0           8     1983056
        2040           2    20012872    15482748      478584      481268          12     1817968           0          12     1752280
        2100           2    20012872    15666824      433180      545704          12     1817968           0           4     1549180
        2160           2    20012872    15662136      553516      610908          12     1817968           0          20     1368312
        2220           2    20012872    15731620      586880      689904          16     1817968           0        1772     1184712
        2280           2    20012872    15838192      552856      773488          88     1817968           0        5848     1024432
        2340           2    20012872    15944520      517252      842708         236     1817968           0        5048      885140
        2400           2    20012872    16039396      475740      909536         360     1817968           0        3876      765996
        2460           2    20012872    16124988      429332      974556         420     1817968           0        3004      662604
        2520           2    20012872    16162320      418048     1039416         480     1817968           0        2052      572588
        2580           2    20012872    16204812      396908     1104968         532     1817968           0        3024      484660
        2640           2    20012872    16250608      357116     1170992         620     1817968           0        4660      410908
        2700           2    20012872    16294636      323088     1222916         724     1817968           0        5924      347616
        2760           2    20012872    16334332      288004     1270116         836     1817968           0        7212      294404
        2820           2    20012872    16277604      343116     1315516        1020     1817968           0        8556      249092
        2880           2    20012872    16065496      540772     1366092        1372     1806428       11540        9748      211424
        2940           2    20012872    15987600      585060     1438700        1632     1771588       46380        7468      174444
        3000           2    20012872    15961576      564040     1513612        1892     1737308       80660        9176      144608
        3060           2    20012872    15953748      532192     1576120        2164     1702448      115520       10672      120008
        3120           2    20012872    15923792      523848     1633788        2452     1667632      150336       11736       99288
        3180           2    20012872    15925092      479104     1692752        2800     1624932      193036       12700       82456
        3240           2    20012872    15680408      679492     1750136        3216     1582440      235528       13768       67884
        3300           2    20012872    15567632      725516     1826980        3692     1537468      280500       14880       56204
        3360           2    20012872    15523396      695992     1917140        4164     1492516      325452        7788       46424
        3420           2    20012872    15429920      715248     2006976        4284     1446680      371288          16       38460
        3480           2    20012872    15413652      650364     2094856        4284     1398092      419876           4       31744
        3540           2    20012872    15177680      805244     2181452        4288     1349672      468296           4       26236
        3600           2    20012872    14846896     1037644     2284460        4288     1295828      522140           4       21612
        3660           2    20012872    14764996      995648     2411988        4288     1231100      586868          12       17972
        3720           2    20012872    14727288      911828     2530404        4344     1178620      639348        6304       14736
        3780           2    20012872    14705712      828740     2626824        4768     1147584      670384       16760       12100
        3840           2    20012872    14692016      741908     2715072        5488     1117108      700860       30348       10072
        3900           2    20012872    14661384      674856     2796992        6660     1086384      731584       46744        8268
        3960           2    20012872    14540868      696008     2877708        8308     1052780      765188       65136        6876
        4020           2    20012872    14474720      657500     2957424       10712     1025076      792892       88888        5660
        4080           2    20012872    14444596      579032     3027300       14208      997300      820668      125096        4672
        4140           2    20012872    14426520      508012     3084872       19016      972928      845040      152608        3876
        4200           2    20012872    14414948      435812     3137908       24592      948284      869684      178400        3244
        4260           2    20012872    14407192      362480     3188496       30900      923392      894576      203072        2764
        4320           2    20012872    14273036      421856     3238312       38608      902280      915688      220880        2212
        4380           2    20012872    14187808      421672     3291720       47256      881016      936952      244612        1836
        4440           2    20012872    14148808      387592     3347888       56692      864376      953592      252396        1528
        4500           2    20012872    14126952      358424     3400420       66120      859860      958108      241668        1320
        4560           2    20012872    14113796      323528     3450416       75736      855220      962748      230344        1084
        4620           2    20012872    14104908      286308     3498792       84864      850680      967288      219128         904
        4680           2    20012872    13872580      473232     3546576       94164      846264      971704      207576         776
        4740           2    20012872    13797416      481704     3608844      103492      830404      987564      202780         668
        4800           2    20012872    13761924      448892     3670980      113288      816784     1001184      199272         548
        4860           2    20012872    13741112      408904     3717920      123176      804712     1013256      203340         452
        4920           2    20012872    13727900      362136     3762692      134000      792648     1025320      207804         372
        4980           2    20012872    13718472      314864     3803956      144848      780416     1037552      212460         304
        5040           2    20012872    13553376      422976     3842540      156500      768376     1049592      219244         268
        5100           2    20012872    13476720      429944     3881232      169120      756380     1061588      237676         212
        5160           2    20012872    13443684      394056     3913948      183472      744444     1073524      259596         148
        5220           2    20012872    13424508      355144     3942144      199280      732196     1085772      273708         120
        5280           2    20012872    13412780      307628     3970164      215996      720436     1097532      288228         108
        5340           2    20012872    13404192      257960     3998008      234352      707988     1109980      300292         100
        5400           2    20012872    13382796      220012     4025340      253644      695652     1122316      313036          76
        5460           2    20012872    13369296      194108     4052784      274024      695392     1122576      304624          68
        5520           2    20012872    13362464      165940     4078956      294104      695136     1122832      293384          56
        5580           2    20012872    13357832      138224     4105064      314348      694856     1123112      279388          48
        5640           2    20012872    13354788      109656     4131272      334920      694620     1123348      264228          40
        5700           2    20012872    13352596       81092     4157316      355236      694408     1123560      248628          36
        5760           2    20012872    13324052       79484     4183232      374632      694156     1123812      233472          32
        5820           2    20012872    13302424       83316     4210088      394072      693760     1124208      204980          24
        5880           2    20012872    13290952       80336     4237776      411616      693300     1124668      174200          24
        5940           2    20012872    13284196       73888     4266236      427372      692920     1125048      143192          20
        6000           2    20012872    13279868       66156     4296124      441220      692480     1125488      111524          12
        6060           2    20012872    13276620       57656     4324592      452056      692064     1125904       83968          12
        6120           2    20012872    13271524       51384     4342052      461480      691728     1126240       68452          12
        6180           2    20012872    13267368       45944     4359192      469592      691356     1126612       52800           8
        6240           2    20012872    13265236       38772     4385672      475324      691064     1126904       29892           8
        6300           2    20012872    13263844       31184     4406788      478948      690788     1127180       14132           8
        6360           2    20012872    13262988       23368     4416208      481308      690512     1127456       11028           4
        6420           2    20012872    13262216       16060     4426532      483040      690244     1127724        7052           4
        6480           2    20012872    13257792       14332     4435716      483984      689964     1128004        3076           4
        6540           2    20012872    13253604       15164     4440324      484320      689964     1128004        1488           4
        6600           2    20012872    13251480       14192     4444612      484504      689964     1128004         112           4
        6660           2    20012872    13250240       12488     4447668      484504      689964     1128004           0           4
        6720           2    20012872    13249520       10636     4450240      484504      689964     1128004           0           4
        6780           2    20012872    13248928        9020     4452448      484504      689964     1128004           0           4
        6840           2    20012872    13248444        7712     4454240      484504      689964     1128004           0           4
        6900           2    20012872    13248080        6444     4455872      484504      689964     1128004           0           4
        6960           2    20012872    13247892        5088     4457416      484504      689964     1128004           0           4
        7020           2    20012872    13247708        3780     4458908      484504      689964     1128004           0           4
        7080           2    20012872    13247516        2552     4460328      484504      689964     1128004           0           4
        7140           2    20012872    13247364        1872     4461160      484504      689964     1128004           0           4
        7200           2    20012872    13247288        1284     4461824      484504      689964     1128004           0           4
        7260           2    20012872    13247232         988     4462176      484504      689964     1128004           0           4
        7320           2    20012872    13247204         764     4462428      484504      689964     1128004           0           4
        7380           2    20012872    13247188         560     4462652      484504      689964     1128004           0           0
        7440           2    20012872    13247160         424     4462816      484504      689964     1128004           0           0
        7500           2    20012872    13247132         300     4462968      484504      689964     1128004           0           0
        7560           2    20012872    13247120         216     4463064      484504      689964     1128004           0           0
        7620           2    20012872    13247112         124     4463164      484504      689964     1128004           0           0
        7680           2    20012872    13247112          68     4463220      484504      689964     1128004           0           0
        7740           2    20012872    13247112          36     4463252      484504      689964     1128004           0           0
        7800           2    20012872    13247112          16     4463268      484508      689964     1128004           0           0
        7860           2    20012872    13247112          12     4463272      484508      689964     1128004           0           0
        7920           2    20012872    13247044          76     4463276      484508      689964     1128004           0           0
        7980           2    20012872    13246928         168     4463296      484512      689964     1128004           0           0
        8040           2    20012872    13246868         204     4463316      484516      689964     1128004           0           0
        8100           2    20012872    13246812         216     4463356      484520      689964     1128004           0           0
        8160           2    20012872    13246736         236     4463388      484544      689964     1128004           0           0
        8220           2    20012872    13246704         196     4463444      484560      689964     1128004           0           0
        8280           2    20012872    13246652         176     4463504      484572      689964     1128004           0           0
        8340           2    20012872    13246620         152     4463548      484584      689964     1128004           0           0
        8400           2    20012872    13246616         120     4463572      484596      689964     1128004           0           0
        8460           2    20012872    13246616          72     4463608      484608      689964     1128004           0           0
        8520           2    20012872    13246604          60     4463632      484608      689964     1128004           0           0
        8580           2    20012872    13246592          44     4463656      484612      689964     1128004           0           0
        8640           2    20012872    13246588          20     4463676      484620      689964     1128004           0           0
        8700           2    20012872    13246576          32     4463676      484620      689964     1128004           0           0
        8760           2    20012872    13246564          40     4463676      484624      689964     1128004           0           0
        8820           2    20012872    13246552          32     4463692      484628      689964     1128004           0           0
        8880           2    20012872    13246548          32     4463696      484628      689964     1128004           0           0
        8940           2    20012872    13246540          24     4463708      484632      689964     1128004           0           0
        9000           2    20012872    13246528          24     4463720      484632      689964     1128004           0           0
        9060           2    20012872    13246528          16     4463728      484632      689964     1128004           0           0
        9120           2    20012872    13246524          16     4463728      484636      689964     1128004           0           0
        9180           2    20012872    13246524           8     4463736      484636      689964     1128004           0           0
        9240           2    20012872    13246524           4     4463736      484640      689964     1128004           0           0
        9300           2    20012872    13246524           0     4463736      484644      689964     1128004           0           0
        9360           2    20012872    13246524           0     4463736      484644      689964     1128004           0           0
        9420           2    20012872    13246524           0     4463736      484644      689964     1128004           0           0
        9480           2    20012872    13246524           0     4463736      484644      689964     1128004           0           0
        9540           2    20012872    13246524           0     4463736      484644      689964     1128004           0           0
        9600           2    20012872    13246524           0     4463736      484644      689964     1128004           0           0
        9660           2    20012872    13246520           4     4463736      484644      689964     1128004           0           0
        9720           2    20012872    13246520           0     4463740      484644      689964     1128004           0           0
        9780           2    20012872    13246520           0     4463740      484644      689964     1128004           0           0
        9840           2    20012872    13246520           0     4463740      484644      689964     1128004           0           0
        9900           2    20012872    13246520           0     4463740      484644      689964     1128004           0           0
        9960           2    20012872    13246520           0     4463740      484644      689964     1128004           0           0
       10020           2    20012872    13246520           0     4463740      484644      689964     1128004           0           0
       10080           2    20012872    13246520           0     4463740      484644      689964     1128004           0           0
       10140           2    20012872    13246520           0     4463740      484644      689964     1128004           0           0
       10200           2    20012872    13246520           0     4463740      484644      689964     1128004           0           0
       10260           2    20012872    13246520           0     4463740      484644      689964     1128004           0           0
       10320           2    20012872    13246520           0     4463740      484644      689964     1128004           0           0
       10380           2    20012872    13246520           0     4463740      484644      689964     1128004           0           0
       10440           2    20012872    13246520           0     4463740      484644      689964     1128004           0           0
       10500           2    20012872    13246520           0     4463740      484644      689964     1128004           0           0
       10560           2    20012872    13246520           0     4463740      484644      689964     1128004           0           0
       10620           2    20012872    13246520           0     4463740      484644      689964     1128004           0           0
       10680           2    20012872    13246520           0     4463740      484644      689964     1128004           0           0
       10740           2    20012872    13246520           0     4463740      484644      689964     1128004           0           0
       10800           2    20012872    13246520           0     4463740      484644      689964     1128004           0           0
       10860           2    20012872    13246520           0     4463740      484644      689964     1128004           0           0
       10920           2    20012872    13246520           0     4463740      484644      689964     1128004           0           0
       10980           2    20012872    13246520           0     4463740      484644      689964     1128004           0           0
       11040           2    20012872    13246520           0     4463740      484644      689964     1128004           0           0
       11100           2    20012872    13246520           0     4463740      484644      689964     1128004           0           0
       11160           2    20012872    13246520           0     4463740      484644      689964     1128004           0           0
       11220           2    20012872    13246520           0     4463740      484644      689964     1128004           0           0
       11280           2    20012872    13246520           0     4463740      484644      689964     1128004           0           0
       11340           2    20012872    13246520           0     4463740      484644      689964     1128004           0           0
       11400           2    20012872    13246520           0     4463740      484644      689964     1128004           0           0
       11460           2    20012872    13246520           0     4463740      484644      689964     1128004           0           0
       11520           2    20012872    13246520           0     4463740      484644      689964     1128004           0           0
