 evaco time, evac issued, surgerisk
          10        3333        3333        3333        3333           0           0           0           0           0           0           0           0
           9        3333        3333        3333        3333           0           0           0           0           0           0           0           0
           8        3333        3333        3333        3333           0           0           0           0           0           0           0           0
           7        3333        3333        3333        3333           0           0           0           0           1           0           0           1
           6        3333        3333        3333        3333           0           0           0           0           2           0           0           2
           5        3333        3333        3333        3333           0           0           0           0           2           0           0           2
           4        3333        3333        3333        3333           0           0           0           0           3           0           0           3
           3        3333        3333        3333        3333           0           0           0           0           4           0           0           3
           2         113        3333        3333        3333           0           0           0           0           5           0           0           4
           1         112         115         108         105           0           0           0           0           6           6           6           5
 evaco time, evac issued, surgerisk
 nhour           6
          10        3327        3327        3327        3327           0           0           0           0           0           0           0           0
           9        3327        3327        3327        3327           0           0           0           0           0           0           0           0
           8        3327        3327        3327        3327           0           0           0           0           0           0           0           0
           7        3327        3327        3327        3327           0           0           0           0           1           0           0           0
           6        3327        3327        3327        3327           0           0           0           0           2           0           0           1
           5        3327        3327        3327        3327           0           0           0           0           2           0           0           2
           4        3327        3327        3327        3327           0           0           0           0           3           0           0           3
           3        3327        3327        3327        3327           0           0           0           0           4           0           0           3
           2         107        3327        3327        3327           0           0           0           0           5           0           0           3
           1         106         109         102        3327           0           0           0           0           6           6           5           4
 evaco time, evac issued, surgerisk
 nhour          12
          10        3321        3321        3321        3321           0           0           0           0           0           0           0           0
           9        3321        3321        3321        3321           0           0           0           0           0           0           0           0
           8        3321        3321        3321        3321           0           0           0           0           1           0           0           1
           7        3321        3321        3321        3321           0           0           0           0           2           0           0           2
           6        3321        3321        3321        3321           0           0           0           0           2           0           0           2
           5        3321        3321        3321        3321           0           0           0           0           3           0           0           3
           4        3321        3321        3321        3321           0           0           0           0           4           0           0           3
           3         101        3321        3321        3321           0           0           0           0           5           0           0           4
           2         101        3321        3321        3321           0           0           0           0           6           0           0           4
           1         100         103          96          93           0           0           0           0           6           6           6           5
 evaco time, evac issued, surgerisk
 nhour          18
          10        3315        3315        3315        3315           0           0           0           0           0           0           0           0
           9        3315        3315        3315        3315           0           0           0           0           1           0           0           2
           8        3315        3315        3315        3315           0           0           0           0           2           0           0           2
           7        3315        3315        3315        3315           0           0           0           0           2           0           0           2
           6        3315        3315        3315        3315           0           0           0           0           3           0           0           3
           5        3315        3315        3315        3315           0           0           0           0           4           0           0           3
           4          93        3315        3315          87           0           0           0           0           5           0           0           5
           3          95        3315        3315          87           0           0           0           0           5           0           0           5
           2          95        3315        3315          87           0           0           0           0           5           0           0           5
           1          94          97          90          87           0           0           0           0           5           5           5           5
 evaco time, evac issued, surgerisk
 nhour          24
          10        3309        3309        3309        3309           0           0           0           0           2           0           0           4
           9        3309        3309        3309          83           0           0           0           0           3           0           0           5
           8        3309        3309        3309          80           0           0           0           0           3           0           0           5
           7        3309        3309        3309          80           0           0           0           0           4           0           0           5
           6        3309        3309        3309          86           0           0           0           0           4           0           0           5
           5        3309        3309        3309          86           0           0           0           0           4           0           0           5
           4        3309        3309        3309          81           0           0           0           0           4           0           0           5
           3        3309        3309        3309          65           0           0           0           0           4           0           0           6
           2        3309        3309        3309          61           0           0           0           0           4           0           0           6
           1          70          61          44          41           0           0           0           0           5           7           7           7
 evaco time, evac issued, surgerisk
 nhour          30
          10        3303        3303        3303          77           0           0           0           0           2           0           0           5
           9        3303        3303        3303          77           0           0           0           0           3           0           0           5
           8        3303        3303        3303          74           0           0           0           0           3           0           0           5
           7        3303        3303        3303          74           0           0           0           0           3           0           0           5
           6        3303        3303        3303          67           0           0           0           0           4           0           0           6
           5        3303        3303        3303          64           0           0           0           0           4           0           0           6
           4        3303        3303        3303          56           0           0           0           0           4           0           0           6
           3          52        3303        3303          38           0           0           0           0           5           0           0           7
           2          52        3303        3303          36           0           0           0           0           6           0           0           7
           1          50          45          38          34           0           0           0           0           6           7           7           7
 evaco time, evac issued, surgerisk
 nhour          36
          10        3297        3297        3297        3297           0           0           0           0           2           0           0           4
           9        3297        3297        3297        3297           0           0           0           0           2           0           0           4
           8        3297        3297        3297          54           0           0           0           0           3           0           0           5
           7        3297        3297        3297          51           0           0           0           0           4           0           0           6
           6        3297        3297        3297          53           0           0           0           0           4           0           0           6
           5        3297        3297        3297          49           0           0           0           0           4           0           0           6
           4          43        3297        3297          45           0           0           0           0           5           0           0           6
           3          44        3297        3297          31           0           0           0           0           5           0           0           7
           2          43        3297        3297          21           0           0           0           0           5           0           0           7
           1          40          43          21          17           0           0           0           0           5           6           7           7
 evaco time, evac issued, surgerisk
 nhour          42
          10        3291        3291        3291        3291           0           0           0           0           1           0           0           4
           9        3291        3291        3291        3291           0           0           0           0           1           0           0           4
           8        3291        3291        3291          41           0           0           0           0           2           0           0           5
           7        3291        3291        3291          38           0           0           0           0           3           0           0           5
           6        3291        3291        3291          44           0           0           0           0           3           0           0           5
           5        3291        3291        3291          40           0           0           0           0           4           0           0           6
           4        3291        3291        3291          32           0           0           0           0           4           0           0           6
           3        3291        3291        3291          28           0           0           0           0           4           0           0           6
           2        3291        3291        3291           9           0           0           0           0           4           0           0           7
           1          29          21           9           5           0           0           0           0           5           7           7           7
 evaco time, evac issued, surgerisk
 nhour          48
          10        3285        3285        3285          36           0           0           0           0           1           0           0           5
           9        3285        3285        3285          33           0           0           0           0           3           0           0           5
           8        3285        3285        3285          29           0           0           0           0           3           0           0           5
           7        3285        3285        3285          26           0           0           0           0           3           0           0           6
           6        3285        3285        3285          29           0           0           0           0           3           0           0           6
           5        3285        3285        3285          26           0           0           0           0           4           0           0           6
           4        3285        3285        3285          17           0           0           0           0           4           0           0           6
           3        3285        3285        3285           4           0           0           0           0           4           0           0           7
           2        3285        3285        3285          -9           0           0           0           1           4           0           0           7
           1        3285           4          -4          -6           0           0           1           1           4           7           7           7
 evaco time, evac issued, surgerisk
 nhour          54
          10        3279        3279        3279        3279           0           0           0           0           3           0           0           4
           9        3279        3279        3279        3279           0           0           0           0           3           0           0           4
           8        3279        3279        3279          15           0           0           0           0           4           0           0           5
           7        3279        3279        3279          13           0           0           0           0           4           0           0           5
           6        3279        3279        3279          16           0           0           0           0           4           0           0           5
           5        3279        3279        3279          13           0           0           0           0           4           0           0           6
           4           3        3279        3279         -11           0           0           0           1           6           0           0           7
           3           5        3279        3279         -10           0           0           0           1           6           0           0           7
           2           5        3279        3279         -15           0           0           0           1           6           0           0           7
           1           3          -2         -13         -18           0           1           1           1           6           7           7           7
 evaco time, evac issued, surgerisk
 nhour          60
          10        3273        3273        3273        3273           0           0           0           0           3           0           0           2
           9        3273        3273        3273        3273           0           0           0           0           3           0           0           2
           8        3273        3273        3273        3273           0           0           0           0           4           0           0           3
           7        3273        3273        3273        3273           0           0           0           0           4           0           0           4
           6        3273        3273        3273           5           0           0           0           0           4           0           0           5
           5          -3        3273        3273          -1           1           0           0           1           6           0           0           6
           4          -2        3273        3273          -6           1           0           0           1           5           0           0           6
           3          -1        3273        3273          -8           1           0           0           1           5           0           0           6
           2          -4        3273        3273         -12           1           0           0           1           5           0           0           6
           1          -8         -15         -26         -31           1           1           1           1           6           7           7           7
 evaco time, evac issued, surgerisk
 nhour          66
          10        3267        3267        3267        3267           0           0           0           0           3           0           0           1
           9        3267        3267        3267        3267           0           0           0           0           3           0           0           2
           8        3267        3267        3267        3267           0           0           0           0           4           0           0           2
           7         -10        3267        3267        3267           1           0           0           0           5           0           0           4
           6        3267        3267        3267        3267           0           0           0           1           4           0           0           4
           5        3267        3267        3267        3267           1           0           0           1           4           0           0           4
           4        3267        3267        3267        3267           1           0           0           1           4           0           0           4
           3         -11        3267        3267         -20           1           0           0           1           5           0           0           5
           2         -15        3267        3267         -24           1           0           0           1           5           0           0           5
           1         -19         -46         -47         -52           1           1           1           1           5           9           8           8
 evaco time, evac issued, surgerisk
 nhour          72
          10        3261        3261        3261        3261           0           0           0           0           3           0           0           1
           9        3261        3261        3261        3261           0           0           0           0           3           0           0           2
           8        3261        3261        3261        3261           0           0           0           0           3           0           0           2
           7        3261        3261        3261        3261           1           0           0           0           4           0           0           2
           6        3261        3261        3261        3261           0           0           0           1           4           0           0           2
           5         -20        3261        3261        3261           1           0           0           1           5           0           0           2
           4         -23        3261        3261        3261           1           0           0           1           6           0           0           3
           3         -24        3261        3261         -44           1           0           0           1           6           0           0           5
           2         -50        3261        3261         -44           1           0           0           1           8           0           0           5
           1         -45         -40         -52         -44           1           1           1           1           8           8           8           5
 evaco time, evac issued, surgerisk
 nhour          78
          10        3255        3255        3255        3255           0           0           0           0           3           0           0           1
           9        3255        3255        3255        3255           0           0           0           0           3           0           0           1
           8        3255        3255        3255        3255           0           0           0           0           4           0           0           1
           7        3255        3255        3255        3255           1           0           0           0           4           0           0           2
           6         -31        3255        3255        3255           1           0           0           1           5           0           0           2
           5         -32        3255        3255        3255           1           0           0           1           6           0           0           4
           4         -58        3255        3255        3255           1           0           0           1           8           0           0           4
           3         -54        3255        3255        3255           1           0           0           1           8           0           0           4
           2         -53        3255        3255        3255           1           0           0           1           8           0           0           4
           1         -50         -47         -61        3255           1           1           1           1           8           8           7           4
 evaco time, evac issued, surgerisk
 nhour          84
          10        3249        3249        3249        3249           0           0           0           0           3           0           0           1
           9        3249        3249        3249        3249           0           0           0           0           4           0           0           1
           8         -38        3249        3249        3249           1           0           0           0           5           0           0           1
           7         -40        3249        3249        3249           1           0           0           0           5           0           0           2
           6         -62        3249        3249        3249           1           0           0           1           8           0           0           3
           5         -64        3249        3249        3249           1           0           0           1           7           0           0           3
           4         -61        3249        3249        3249           1           0           0           1           7           0           0           3
           3         -58        3249        3249        3249           1           0           0           1           7           0           0           3
           2         -62        3249        3249        3249           1           0           0           1           8           0           0           4
           1         -63         -60         -56        3249           1           1           1           1           8           8           6           3
 evaco time, evac issued, surgerisk
 nhour          90
          10        3243        3243        3243        3243           0           0           0           0           4           0           0           0
           9         -47        3243        3243        3243           1           0           0           0           5           0           0           0
           8         -63        3243        3243        3243           1           0           0           0           7           0           0           1
           7         -64        3243        3243        3243           1           0           0           0           7           0           0           1
           6         -54        3243        3243        3243           1           0           0           1           6           0           0           1
           5         -53        3243        3243        3243           1           0           0           1           6           0           0           1
           4         -71        3243        3243        3243           1           0           0           1           7           0           0           1
           3         -72        3243        3243        3243           1           0           0           1           8           0           0           1
           2         -90        3243        3243        3243           1           0           0           1           9           0           0           2
           1         -82         -82         -71        3243           1           1           1           1           9           9           5           2
 evaco time, evac issued, surgerisk
 nhour          96
          10         -64        3237        3237        3237           1           0           0           0           6           0           0           1
           9         -62        3237        3237        3237           1           0           0           0           6           0           0           1
           8         -61        3237        3237        3237           1           0           0           0           6           0           0           1
           7         -62        3237        3237        3237           1           0           0           0           6           0           0           1
           6         -75        3237        3237        3237           1           0           0           1           7           0           0           1
           5         -81        3237        3237        3237           1           0           0           1           7           0           0           1
           4         -84        3237        3237        3237           1           0           0           1           8           0           0           1
           3         -82        3237        3237        3237           1           0           0           1           8           0           0           1
           2         -86        3237        3237        3237           1           0           0           1           8           0           0           1
           1         -87         -83        3237        3237           1           1           1           1           8           7           4           1
 evaco time, evac issued, surgerisk
 nhour         102
          10        3231        3231        3231        3231           1           0           0           0           4           0           0           0
           9         -75        3231        3231        3231           1           0           0           0           5           0           0           0
           8         -78        3231        3231        3231           1           0           0           0           6           0           0           0
           7         -78        3231        3231        3231           1           0           0           0           6           0           0           0
           6         -79        3231        3231        3231           1           0           0           1           6           0           0           0
           5         -95        3231        3231        3231           1           0           0           1           7           0           0           0
           4         -98        3231        3231        3231           1           0           0           1           7           0           0           0
           3         -99        3231        3231        3231           1           0           0           1           8           0           0           0
           2        -100        3231        3231        3231           1           0           0           1           8           0           0           0
           1         -99         -98        3231        3231           1           1           1           1           8           7           2           0
 evaco time, evac issued, surgerisk
 nhour         108
          10        3225        3225        3225        3225           1           0           0           0           4           0           0           0
           9         -86        3225        3225        3225           1           0           0           0           5           0           0           0
           8         -88        3225        3225        3225           1           0           0           0           5           0           0           0
           7         -89        3225        3225        3225           1           0           0           0           6           0           0           0
           6         -92        3225        3225        3225           1           0           0           1           6           0           0           0
           5        -108        3225        3225        3225           1           0           0           1           7           0           0           0
           4        -108        3225        3225        3225           1           0           0           1           7           0           0           0
           3        -108        3225        3225        3225           1           0           0           1           7           0           0           0
           2        -108        3225        3225        3225           1           0           0           1           7           0           0           0
           1        -108        -104        3225        3225           1           1           1           1           7           5           1           0
 evaco time, evac issued, surgerisk
 nhour         114
          10        3219        3219        3219        3219           1           0           0           0           3           0           0           0
           9        3219        3219        3219        3219           1           0           0           0           4           0           0           0
           8         -99        3219        3219        3219           1           0           0           0           6           0           0           0
           7        -101        3219        3219        3219           1           0           0           0           6           0           0           0
           6        -113        3219        3219        3219           1           0           0           1           7           0           0           0
           5        -114        3219        3219        3219           1           0           0           1           7           0           0           0
           4        -114        3219        3219        3219           1           0           0           1           7           0           0           0
           3        -114        3219        3219        3219           1           0           0           1           7           0           0           0
           2        -114        3219        3219        3219           1           0           0           1           8           0           0           0
           1        -114        -112        3219        3219           1           1           1           1           8           5           1           0
 evaco time, evac issued, surgerisk
 nhour         120
          10        3213        3213        3213        3213           1           0           0           0           4           0           0           0
           9        -109        3213        3213        3213           1           0           0           0           5           0           0           0
           8        -109        3213        3213        3213           1           0           0           0           5           0           0           0
           7        -112        3213        3213        3213           1           0           0           0           6           0           0           0
           6        -115        3213        3213        3213           1           0           0           1           6           0           0           0
           5        -120        3213        3213        3213           1           0           0           1           7           0           0           0
           4        -120        3213        3213        3213           1           0           0           1           7           0           0           0
           3        -120        3213        3213        3213           1           0           0           1           7           0           0           0
           2        -120        3213        3213        3213           1           0           0           1           8           0           0           0
           1        -120        3213        3213        3213           1           1           1           1           8           1           0           0
 evaco time, evac issued, surgerisk
 nhour         126
          10        3207        3207        3207        3207           1           0           0           0           4           0           0           0
           9        3207        3207        3207        3207           1           0           0           0           4           0           0           0
           8        3207        3207        3207        3207           1           0           0           0           4           0           0           0
           7        -126        3207        3207        3207           1           0           0           0           5           0           0           0
           6        -126        3207        3207        3207           1           0           0           1           5           0           0           0
           5        -126        3207        3207        3207           1           0           0           1           5           0           0           0
           4        -126        3207        3207        3207           1           0           0           1           6           0           0           0
           3        -126        3207        3207        3207           1           0           0           1           6           0           0           0
           2        3207        3207        3207        3207           1           0           0           1           1           0           0           0
           1        3207        3207        3207        3207           1           1           1           1           0           0           0           0
 evaco time, evac issued, surgerisk
 nhour         132
          10        3201        3201        3201        3201           1           0           0           0           4           0           0           0
           9        3201        3201        3201        3201           1           0           0           0           4           0           0           0
           8        3201        3201        3201        3201           1           0           0           0           4           0           0           0
           7        -132        3201        3201        3201           1           0           0           0           5           0           0           0
           6        -132        3201        3201        3201           1           0           0           1           5           0           0           0
           5        3201        3201        3201        3201           1           0           0           1           1           0           0           0
           4        3201        3201        3201        3201           1           0           0           1           0           0           0           0
           3        3201        3201        3201        3201           1           0           0           1           0           0           0           0
           2        3201        3201        3201        3201           1           0           0           1           0           0           0           0
           1        3201        3201        3201        3201           1           1           1           1           0           0           0           0
 evaco time, evac issued, surgerisk
 nhour         138
          10        3195        3195        3195        3195           1           0           0           0           4           0           0           0
           9        3195        3195        3195        3195           1           0           0           0           4           0           0           0
           8        3195        3195        3195        3195           1           0           0           0           4           0           0           0
           7        -138        3195        3195        3195           1           0           0           0           5           0           0           0
           6        -138        3195        3195        3195           1           0           0           1           5           0           0           0
           5        3195        3195        3195        3195           1           0           0           1           1           0           0           0
           4        3195        3195        3195        3195           1           0           0           1           0           0           0           0
           3        3195        3195        3195        3195           1           0           0           1           0           0           0           0
           2        3195        3195        3195        3195           1           0           0           1           0           0           0           0
           1        3195        3195        3195        3195           1           1           1           1           0           0           0           0
 evaco time, evac issued, surgerisk
 nhour         144
          10        3189        3189        3189        3189           1           0           0           0           4           0           0           0
           9        3189        3189        3189        3189           1           0           0           0           4           0           0           0
           8        3189        3189        3189        3189           1           0           0           0           4           0           0           0
           7        -144        3189        3189        3189           1           0           0           0           5           0           0           0
           6        -144        3189        3189        3189           1           0           0           1           5           0           0           0
           5        3189        3189        3189        3189           1           0           0           1           1           0           0           0
           4        3189        3189        3189        3189           1           0           0           1           0           0           0           0
           3        3189        3189        3189        3189           1           0           0           1           0           0           0           0
           2        3189        3189        3189        3189           1           0           0           1           0           0           0           0
           1        3189        3189        3189        3189           1           1           1           1           0           0           0           0
 evaco time, evac issued, surgerisk
 nhour         150
          10        3183        3183        3183        3183           1           0           0           0           4           0           0           0
           9        3183        3183        3183        3183           1           0           0           0           4           0           0           0
           8        3183        3183        3183        3183           1           0           0           0           4           0           0           0
           7        -150        3183        3183        3183           1           0           0           0           5           0           0           0
           6        -150        3183        3183        3183           1           0           0           1           5           0           0           0
           5        3183        3183        3183        3183           1           0           0           1           1           0           0           0
           4        3183        3183        3183        3183           1           0           0           1           0           0           0           0
           3        3183        3183        3183        3183           1           0           0           1           0           0           0           0
           2        3183        3183        3183        3183           1           0           0           1           0           0           0           0
           1        3183        3183        3183        3183           1           1           1           1           0           0           0           0
 evaco time, evac issued, surgerisk
 nhour         156
          10        3177        3177        3177        3177           1           0           0           0           4           0           0           0
           9        3177        3177        3177        3177           1           0           0           0           4           0           0           0
           8        3177        3177        3177        3177           1           0           0           0           4           0           0           0
           7        -156        3177        3177        3177           1           0           0           0           5           0           0           0
           6        -156        3177        3177        3177           1           0           0           1           5           0           0           0
           5        3177        3177        3177        3177           1           0           0           1           1           0           0           0
           4        3177        3177        3177        3177           1           0           0           1           0           0           0           0
           3        3177        3177        3177        3177           1           0           0           1           0           0           0           0
           2        3177        3177        3177        3177           1           0           0           1           0           0           0           0
           1        3177        3177        3177        3177           1           1           1           1           0           0           0           0
 evaco time, evac issued, surgerisk
 nhour         162
          10        3171        3171        3171        3171           1           0           0           0           4           0           0           0
           9        3171        3171        3171        3171           1           0           0           0           4           0           0           0
           8        3171        3171        3171        3171           1           0           0           0           4           0           0           0
           7        -162        3171        3171        3171           1           0           0           0           5           0           0           0
           6        -162        3171        3171        3171           1           0           0           1           5           0           0           0
           5        3171        3171        3171        3171           1           0           0           1           1           0           0           0
           4        3171        3171        3171        3171           1           0           0           1           0           0           0           0
           3        3171        3171        3171        3171           1           0           0           1           0           0           0           0
           2        3171        3171        3171        3171           1           0           0           1           0           0           0           0
           1        3171        3171        3171        3171           1           1           1           1           0           0           0           0
 evaco time, evac issued, surgerisk
 nhour         168
          10        3165        3165        3165        3165           1           0           0           0           4           0           0           0
           9        3165        3165        3165        3165           1           0           0           0           4           0           0           0
           8        3165        3165        3165        3165           1           0           0           0           4           0           0           0
           7        -168        3165        3165        3165           1           0           0           0           5           0           0           0
           6        -168        3165        3165        3165           1           0           0           1           5           0           0           0
           5        3165        3165        3165        3165           1           0           0           1           1           0           0           0
           4        3165        3165        3165        3165           1           0           0           1           0           0           0           0
           3        3165        3165        3165        3165           1           0           0           1           0           0           0           0
           2        3165        3165        3165        3165           1           0           0           1           0           0           0           0
           1        3165        3165        3165        3165           1           1           1           1           0           0           0           0
 evaco time, evac issued, surgerisk
 nhour         174
          10        3159        3159        3159        3159           1           0           0           0           4           0           0           0
           9        3159        3159        3159        3159           1           0           0           0           4           0           0           0
           8        3159        3159        3159        3159           1           0           0           0           4           0           0           0
           7        -174        3159        3159        3159           1           0           0           0           5           0           0           0
           6        -174        3159        3159        3159           1           0           0           1           5           0           0           0
           5        3159        3159        3159        3159           1           0           0           1           1           0           0           0
           4        3159        3159        3159        3159           1           0           0           1           0           0           0           0
           3        3159        3159        3159        3159           1           0           0           1           0           0           0           0
           2        3159        3159        3159        3159           1           0           0           1           0           0           0           0
           1        3159        3159        3159        3159           1           1           1           1           0           0           0           0
 evaco time, evac issued, surgerisk
 nhour         180
          10        3153        3153        3153        3153           1           0           0           0           4           0           0           0
           9        3153        3153        3153        3153           1           0           0           0           4           0           0           0
           8        3153        3153        3153        3153           1           0           0           0           4           0           0           0
           7        -180        3153        3153        3153           1           0           0           0           5           0           0           0
           6        -180        3153        3153        3153           1           0           0           1           5           0           0           0
           5        3153        3153        3153        3153           1           0           0           1           1           0           0           0
           4        3153        3153        3153        3153           1           0           0           1           0           0           0           0
           3        3153        3153        3153        3153           1           0           0           1           0           0           0           0
           2        3153        3153        3153        3153           1           0           0           1           0           0           0           0
           1        3153        3153        3153        3153           1           1           1           1           0           0           0           0
 evaco time, evac issued, surgerisk
 nhour         186
          10        3147        3147        3147        3147           1           0           0           0           4           0           0           0
           9        3147        3147        3147        3147           1           0           0           0           4           0           0           0
           8        3147        3147        3147        3147           1           0           0           0           4           0           0           0
           7        -186        3147        3147        3147           1           0           0           0           5           0           0           0
           6        -186        3147        3147        3147           1           0           0           1           5           0           0           0
           5        3147        3147        3147        3147           1           0           0           1           1           0           0           0
           4        3147        3147        3147        3147           1           0           0           1           0           0           0           0
           3        3147        3147        3147        3147           1           0           0           1           0           0           0           0
           2        3147        3147        3147        3147           1           0           0           1           0           0           0           0
           1        3147        3147        3147        3147           1           1           1           1           0           0           0           0
 evaco time, evac issued, surgerisk
 nhour         192
          10        3141        3141        3141        3141           1           0           0           0           4           0           0           0
           9        3141        3141        3141        3141           1           0           0           0           4           0           0           0
           8        3141        3141        3141        3141           1           0           0           0           4           0           0           0
           7        -192        3141        3141        3141           1           0           0           0           5           0           0           0
           6        -192        3141        3141        3141           1           0           0           1           5           0           0           0
           5        3141        3141        3141        3141           1           0           0           1           1           0           0           0
           4        3141        3141        3141        3141           1           0           0           1           0           0           0           0
           3        3141        3141        3141        3141           1           0           0           1           0           0           0           0
           2        3141        3141        3141        3141           1           0           0           1           0           0           0           0
           1        3141        3141        3141        3141           1           1           1           1           0           0           0           0
